- CLXXIX -

51551515 109 (119) 0551 (19, 1111)
Galliarum 19, 1, 111

num 195 1519 (81115. 5)
Galliarum 911116

1111919011 PRAETORIO ILLYBIGI.

1111151115 916 1151. 93 (19, 133)
’3191511 (11199) ·

155515 (5. p, CLXVIII) 965 Sept. 90 (11111)

1115115115 980 151115 (9, 91, 1) - 95519 (8, 9,9) - 11511. 11
fortasse 11151151 (19,1,81 - 19, 189) - 15196 (11119) -
15199 (1,18,9) - 151111 (9,11, 1) - 85519
(199, 11 m - 155119,11,1 nom.)
981 151116 (1, 18, 5)
990 115119 (10, 18, 9) - 111115 (6,99, 1)
....(11,6,10 - 1115111119 nom.)

5151151115 989 151.19(1,11,9)- 115195 (19, 1, 98) ·- 05111
Illyrici 1551. 19,51,9 (1, 119)
980 15190 (1115111618)
9951109 . ... (1115111519)

115515115(5111.5111155) 899 Febr. 15 (19, 5, 91) - 111118 (19,19,19) -
per Illyricum 19, 19, 19 Sept. 10 (19,19, 19)
lllyrici 5111111155 113151 99315119 (11,90, 51)
Illyrici 5111115115 19, 5, 91

1111151115 391 151111 (1118, 19) - 11119 (11, 11,3)
aad. Illyrici 511155 998 115111 (1,19,1)
999 1151. 19 (6, 98, 9)

1115511115 108 [1191115111 (11, 11,1 = 11119)
lllyrici 11,99,5. 111119. 15, 119 1101111196 (111191) (11,99,5 - 111119)

11511115 119 11111 (1199)
Illyrici 1, 1, 39. 19, 1199 119 Apr. 16 (111111)

5111155115 115 05191 (6,99, 1)
Illyrici 6, 99,1

1111111115 119 (118) 11139 (16, 8,91)
ροὲῗέγτίοιιω 19,8,91, lllyrici 16, 191 151.11(19,9,15)

1155155115 1991 . ... (1115111111)
lllyrici 11151. 19,10,1

15155515 191 «15199 (15,5,1) - 051 10 (11193
Illyrici 11199 15,5,1

55511115 195 1511 90 (6, 98, 8)
lllyrici 6, 98,8

1151115 196 1519 (8,1,90 - 19, 1181)
11111151 8, 191

 

