- cmx -·

11111111 (tide 1111 1,1,1) 332 1112 (7, 13, 6) - 1113 (3,1,13)

11111111 332 1))1. 13 (11,16,13) - 0113 (11,10,13) -
Dec. 13 (6, 26, 3)

333 Ian. 10 (0, 2, 13) - 111. 18 (12,1,33)- 111. 13

(12,1, 100) - 111. 23 (12,0, 11 nom.) - 111112

(3, 1,1) - 11111. 21 (10, 7, 3) - 1111111 (2, 13, 3)

11111111 330 11111. 12 (6, 23, 2) - 11121 (0, 33, 10)
383 11113 (11,13, 1)
331 011. 26 (6, 30, 0)

(1111111 331 11111.13(13,1,12)

ramnum ¹ 331 1111121 (6, 3, 2) - 31113 (1111. 1,31,5)
Os. 01111, 1778: (11111. praet. 11
11111111 1111111111

1111111111 331 Fabul (3,3,13)
333 11111.23(3,33,3)-111.11(11,10,16)-1()1.10
(1,1,1)--1111.1(11,11,1)- 11111111, 1,111)
-· 1111112 (3,1,13) —- 111. 10 (1, 2, 2) - 111. 20

’331 Febr. 13 (11111. 1,13, 2)

333 111111 (3,10,11) - 111131 (6, 30, 10) - 311113
(811116) “” sept· 21 (11219 = 1111190) ““
Sept. 26 (10, 20, 12) - 11111 (13,1,11) - 11113
(121210) - 01110 (3,7,11) - 111111 (11,
16,11)

33011120(13311)-1111.3(2,3,13-·-·3,3,3·--
11,7,13)

*nomm 333 311111 (11111 11,00, 1)

1111111111 330 1111. 23 (16, 1,1 = 16,1,1)-1’1111.10(12,12, 11)
-1111.11(3,1,13)- 111. 23 (1,32, 3) -111113
(11,31, 1) - 11113 (3,3, 1) - 1111.23(12,1,111)
331 11123 (1,23, 6) - 1111120 (13, 3, 3) - 1111110
(3,21,1)-111.11(11,22,3) - 1111.13(11,30,13)
(11111111)

1111111111 1333 111. 21 (11111. 3, 26, 10)
Illyrici 11 11111111 13, 1,20. 23 330 111. 16 (13,1,20) - 1111 (13,1,23) - 111123
111)111111111.1,10,3 (111111. 1,10, 3)

1111111111 .· 332 (330( 11111 (3,10,13)
lllyrici 11 1111111316. 3,10,13; 333 [331] 1111121 (7, 13,3 -· 3, 23, 2)
ltaliae et lllyrici 1, 1, 2. Cf. 1111111111 (11,33, 11 = 10,’1,1 - 16,1,3) -·
0. 1,11. 11,]7331 praef. praet. 1111. 21 (1,1,2 - 3, 1, 6)
111111111111111 1111111111 11111111 332 111. 3 (10, 10, 20)

’11111111 (immo (13) 331 11111121 (16,10,10)
'mmm 3331102 . . . . (11111. 1,61, 11)

num 1111111111 (1,1,111 - 1111. 11 (11111) -
111. 12 (3, 23, 2) - 111. 26 (3, 3, 31) -· Mai. 10

(111) - 111.1111111111)-1111.1(1,4,11)

111 11111 (11, 1111) - 11111 (1,11, 11)
111 11111. 11 (11, 111) - 111. 1111111) -- 111. 11
(11111)
11

 

