-010V1-

mulum 88888 vicem 8888188 841 (18,10,8)
torum 88881888

888888888888188818888888188188888 884 4881 (8, 8, 8)

81041111 0108088111.

oum 888888 888 ont„ 81 (1,18, 18)
dianas· 888 nuntiata:
mv* ¹ 814 118888 (8,1,1)
818 11888. 8 (1881. 8, 88, 8 m)

8888888888 (8188 Iud. 8, 1, 8) agens 818 Itu. 18 (8, 1, 8 nom.) - 888814 (1881. 8, 1, hm)
81888188 praefecturam (818 0, - 1188.88(8,81,1[8“8])
8418881888 88888888888188888888 880 8884 (8, 84, 8)
dou’Im. 8, 810 881 1188. 80 (8,81,8 m.)

888888 (888 11, 80, 8) mum 818 lun. 88 (11,80, 8) - 88881 (8188 888.)

mmm 818 118884 (8,4,1 m) - 181. 88 (8, 18, 1)
8888888888 vide 88881. urbi
8888888888 874 1188888 (8,88, 1)

mmmm v. 8. 818 Aug. 18 (10, 18, 8)
· amm v. 8 881 18181 (8,88,8)

amun 884 1188188 (8,88,1)

nummu 888 181. 18 (8881)

mma (88888 vicem 8888818818 888 088 88 (8,1,8 888.)
nun praetorio 8188181011, 11,1888)

mmmm 404 4888 (1884. 1, 81, 4)

Ἕω. 888818888888888.)

nomm 888888 818 4881 (8, 18, 1)
81818811 (1,88,1 dioec„ 888.)

uuam (818 8,18, 1) mun 818 118818 (8, 18, 1)
818 4188818 (8,81,1 uon.) - 1188888 (8,84, 1) -
48818 (8,18,1 m.)

8888888 [immo 888] (88811884 88818181 (18,1,8 m) - 11881 (18, 1, 88) -
18, 1, 88. 18, 1, 8. lud. 10, 48, 1) 1188. 811888 18 (8,88,8 = 18,1,84)
mmm (888. 8, 88,8) 888 Aug. 88 (11,88,4 m)

....... (1881. 10,48,1 81888888.)

mmm 840 4888 (8,8,8 - 10, 18, 8)
8888884 v. 8. 844 18888 (8, 10, 8)
monum ’ 848 Sept„ 88 (1, 18, 8)

mumma 8888888(8848)-188.8(ι8,ι,8)-88.8
(18,1,8) - 1u1.14 (8, 18, 8)

mmm 888 {mlxx (8,8, 18 - 11,88,1 - 18,8,8 -
108 .

 

