- chxn -

444444 (4) .... (4444. 44444)

426 4446 (*16, 2, 47 - ⁸16, 6, 64)

444 4444444444, 4) - 4444444 (4, 44, 4) - 444. 444
(16, 1,1 - 16,8, 28)

.... (441 - 144446,421-14441448,18-
lust„ 12,1,14)

4444444444 428 8414496 (4 19, 22) - 8414421 (1,16, 8 - 12,6,82)
429 14414414 (11, 486) - 1444411 (14441. 1, 14, 4)
(1444414146)

’4444444444 490 84144. 16 (12, 6, 88)

444444444 408 (490) 1144429 (14441. 2, 141)
481 Apr. 29 (14486)
482 Mart. 24 (6, 29, 8)
(1444464111)

Ρῐῑθῐθθῐῑ 2114808021 PRAETORIO ORIEN'I'IS.

Ρᾶἲὶίἳῖῑιῖ 4444444444 *826 [889] Febr. 16 (8, 6, 8)

888 1144. 22 (2, 6, 4)
840 4446 (9, 8, 8)

44444444 (sic 9,1,1) 44444444 911 [9481 Iul. 20 (9,22, 1)
Os. imptimm Thracica 0. 44. 819 [848] 144. 9 (8,1,1 nom.)

111, 14930 et 114414 0. I. L. 892 (949) 444. 11 (422, 4)

111, 167 888 Oet„ 18 (9, 41)
842 nai. 11 (14846 nona.) κ- 141. 80 (46, 4)
848 Febr. 18 (9, 246) - 14421 (12, 486)
844 141. 6 (18, 4, 8)
molam 04411 (1, 9, 2)

4444444444 826 [8461 114449 (8,’1, 2)
Os. 1444444444 Omnia 411.. 840 [841] 14448 (1480, 20)

111, 214 846 Iul. 28 (11,22, 1)
849 Sept„ 20 (8,19,1 - 8,18,1 - 8,]8,2)
(lust. 12,1,4)

4444444444 967 (862) 14419 (16, 8, 1)

4444444444 964 Iul. 26 (8, 6, 6)
866 lan. 16 (12, 12, 2)
867 (968) 1444.10(1,6,1)
968 lun. 7 (46, 6)

4444444444 969 Mai. 28 (1, ’4, 1)

4444444444 868 (86011) Dee. 29 (7, 44 nom.)
869 (860)1] Mart. 14 (1, 4, 6)
860 Febr. 4 (14241 nom.) ·- Mai. 17 (1, 4, 6) -
144416 (8,6,11)

4444444444 vel 4444444444 826 (8621 1444. 29 (16, 48)
(8414444444 inemptae 4444141464- *828 0441 (9, 46)
nes distinyuuntur addito 4444. *829 444. 18 (1, 16, 6)
4444) 862 1446 (44.7 4444.) - 114646 (9,2,1 4444.) -
Orientis 1, 16,6 11441,1(8,1,1)- Mart. 18 (10,9,1 - 141410-

 

