„ccv-

11888111 818 1181818 (18,1,11 ’8)ῆῆ
818 Oet 18 (18,8,11 ’8888)
888 1·“81)1.8(8,8,8ε TW) - 18888 (8,8,81 8888)
381 1884 (1, 8831 8888) -(18,1,181 W)
838 118818 (18,8,8 - 18881 (7888)

8181188118 418 1188888 (11,8, 81 - 18,6, 811 procons. (11118888)
1181188111 880 8811888 (18,88, 8)

munuum 384 Dec. 18 (8, 11, 1)

mum 318 [818] 1181181 (8, 40,8ε vic„ 1118)

mu 888 08118 (8,4,1ε 8888)
888 181. 88 (18,1,41 (11888.οο1818888)
888 11))1.18(8,80,8;8888)-081.(Νον.(1,88,1;ῑῑμ88)
884 183.8’1(18,1,11ᾗῇὸ8)- seph 7 (18881 {sp-w)

1181111111 880 181. 88 (8,11,11 prm 0811118888)
mmmmm 888 Apr. 18 (11,80, 18 ·- 18,1,81 18ιί8881188)
mmmm 8881401 .... (lunt. 11,48,18)

nomm 881881) 8888 8108 3838 8881.88(8,18,13)-
1181. 8 (8, 84,8)
818 [888] 1181. 8118 (8, 1, 10 - 8, 1, 11)

mmmmm 8888 8108 lan. 81 (1,18,81 eom. 181. 81188)

multum 888 118880 (1111818881 8ο81. s. 1. 8)

8118011114 88818181 (4, 881 W)
831 rem (8.1,81 (8888)

m„ (881188) amma 818 1181. 8ο (1, 188) - 888111 (118111)

1111118111 881 118183 (1818 3, 18, 8) - 1813
88881111,
884 118118 (13, 8, 4)
888 11814 (8,81,4)
ΜΙΜΙῙΜΜΜ) .-
888188181811) W?
11888881 338 [384] Febr. 14 (13,11,61 8188888188)

mmmm 341 Aug. 11 (18,1,88)
888 11811. 18 (1811, 7) ··- 111888 (11,81,81 nilo„
1188 8888)
1111111118 88818810(8,8,181 8111811838) - Λ)11.88 (18, 8,
111 praef. 1838)

mmmm (Ianuarius 1881. 8, 1, 8) 318 188. 18 (8, 1, 8) - Febr. 14
(1818888) ng. vic. (81188

881 1181. 80 (8, 81, 8)

mum 318Ι381 ...... (1818 8, 88, 8)
818 18118 (11188)

mum 388 Oct„ 11 (18, 1, 83)
881 (380] Febr. 84 (14,1,1)

unum 888 181. 11 (18,8,8)

nomn 8181818) lum (8,),8 W)
1111 m 11 (1¹.³⁶‚⁶= w)
881 1181. 10 (18818)

com. r.
(11188

agens 1118811881
88818818181118

 

