— CCVIII -

ΓΞΓΙ ’ snm ΒΕΒΤΙΝΑΤΙΟΝΕ.
ἀωωωωω uuluam nonnum ununnvn 391 Mai. 19 (16, 5, 20)

siue deatiuatione traditae: 313 Oet. 31 (16, 2, 1)
314 Mart. 26 (3, 30, 1)
1uu.23 (mm)
319 Mart. 9 (lust. 11,63, 1)
323 Apr. 28 (7, 1,1 - 7,12, 1) - ὓοο.31 (11, 9,1)
825 Mart. 6 (12, 9, 1)
326 Dou- 31 (10, 1, 5)
329 Sept. 29 (12,1, 16)
331 Iul. 1 (8‚1,2) — Oct. 6 (4, 124)
337 Deo. 6 (11,1,4)
338 oct. 28 (12,1,25)
356 Febr. 19 (16, 10, 6)
359 lun. 14 (12,1,47)
362 Mart. 28 (11, 19, 2) - Apr. 30 (11,12,2) -

 

Iun. 17 (13, 3, 5)

363 Dec. 21 (12,1,56)

364 Apr. 29 (7, 1, 5) - Dec. 8 (2, 12, 2)

380 Febr. 27 (16, 2, 25)

382 Mai. 15 (7, 13, 11)

3841αη. 31 (11, 1,19 - 11,2,4 - 11, 15, 2) -
Sept. 17 (8, 2, 4)

385 Iun-22 [mahadam

386 Mart.. 5¹3 (ΕΙ, 16)

394 . . . . (lust. 11, 9, 3)

396 Aug. 3 (9, 1, 18)

397 Iun. 26 (6, 4, 32)

398 Mart. 25 (7, 4, 24)

407 Ian. 25 (6, 26, 13)

415 Aug. 30 (16, 10, 20)

419 Nov. 21 (Sirm. 13)

423 Aug. 6 (9, 6, 4)

425 Febr. 27 (14, 9, 3)

435 Dee. 20 (1,1,6)

