...001-

11111 11111(111.21,11)1
1111111111 1111111111 811 2112 (11, 80, 7)
318 111121 (1220)
1111111111 317 111128 (12828)
mma 111 1111 1111 1111 (11, 11)

χ 1111111111111ε praenes 11111111111 816 11126 (26.1)

mmmm: praeses 111111 806 . (lust. 12120)

dux 11 corrector limi-
tis Tr. 11111111 308 1111227 (122133)

praeses 1111111111 329 lun. 12 (1280, 00)

11111111. · Q

eom 1111111 1111111 881 1111116 (121211)
111111111111 300 8111230 (1221, 3)

1111111111 180 11122 (6, 28, 8)

11111 1111111(1111.7,1,1. 111111(11“112,1,10)1111- 326 lul. 81 (1221)
12210) 111111 327 Apr. 21 (12, 1, 18)
1. per 1111111111 12, 0,1 111111 v. 1. 300 11111.27(7,1,1; 11. Ammianus 2221)
1111111 872 1111122 (8, 7, 18)
11111111111 101 111118 (21218)
11111111111 11010 111120 (120,οΙ == 16, 0, 110)

1111111111111111111· 111111111111 v. 1. 380 7111122 (2, 221)
111

N com 1111111111 1111111111 816 2111 (3, 21)
817 Ian. 19 (1221)
1111111111 832 1111118 (11112 6, 1,6)
1111111 888 11111 (2120 - 12822)
881 Mart„ 30 (2123)
388 111111 (1228 11111)

11111111111111111 1111111 827 Febr. 27 (11, 8, 2)

111111 11111111 vide p. cxc1V.

nvom.

111 1111111111 866 lun. 11 (0, 21)

111 11111111 111111 861 Dee. 28 (12120)
1111111111 381 Oct. 20 (120218)

111 11111111 1111111111 826 Febr. 18 (2210)
827 2111121 (2207)

111 11111111111111 1111111111 361 1111112 (12218)

1111 11 111111111111111 11111111111 ’882 lun. 12 (9, 228)
1111111111 1111111111 117 011. 21 (21, 16)

1111 111111111111 1111111 8181887 Febr. 21 (lust 2121)
11111111 812 811112 (2226 ·- 8, 21)
11111111111 8871822 ... . (lust 1, 10, 2)

111 11111111 1111111111 882 8118102128)
111 11 mm 1111111111 11111111111 882 111112 (2, 27, 8)
1111111 1111111111 11111111 887 111111 (12126)
111 11111111111111111111111111111 11111111 828 1111227 (122188)
111111 11 111 (71111Ιί81111) 1111111111 106 11117 (11, 86, 88)

711111. 1

 

