-· 0011 -

333 111. 21 (lust. 10,23,1)
326 111113 (3, 12, 2)
113 111. 31 (1111 (3131)

310 Apr. 23 (11,12,1; 01111)

383 Apr. 1 (3, 21, 6)

110 011. 11 (101181 tribunus 11 1311111111
311 Ian. 13 (11111. 1,32, 10)

3131331 . (6,20,13 pire)
319 Febr. 1 (9,16,11 1301)

1011111118

multum 1101103118

1111111112

multumve

1111111118

1131111111

32011 111111 (16,10,1; [1011

321 1111.12(2,18,1 -11,30,11; W)
322 11111. 20 (1111131161 1111)

323 11111 (12, 1, 10: vic. Or.?)

328 Demo (1,16,1; pW)

311 Aug] (1111. 6, 22,1; ᾗιῖο1)

numum

321 Apr. 11 (15,1,2) - 1111131113) - Aug]

(4. 113)
322 1116 (11, 21, 2)
326 111122 (8, 6, 1)
331 1111111 (M), 11)

316 Aug. 21 (11,30,1)
3121111121 (10, 2061 (ῆιῖϊέ)
¹ 310 11312 (12.1,3θε 1111111)

3131383 .. .. (1111. 121121 mm
380 31113 (1, 22, n: (ΐρὀ1)

313 Febr. 16 (1, 2113 corr. Lucaniae 11 Bm)
361 1111.11(1,11,4 - 2,20,1; 1)-11)

1111111 3121331 . . . . (lust. 1, 31, l)
3311361 . . . .(1111.12,1,6)
331 1111311311) (511
356 ....(9,11,3)
361 Iul. 16 (3,18,1)

3181111111 (10,11,2; com. r. 111)
335 Apr. 11 (8, 0,1; 111101)
396 111123 (2,1,8; vicarium

1111. 1111111111

unumve

1111811313 00111011

11 morumve

0011111118

omma

011011 1. 0.

nomam

nswuvu

1101111113 11111111

mmvs

333 oet. 13 (11111)
33111111 (111111)

1111113111 313 1111 (12,1,0)

3601 3681 3101 3131 Apr. 13 (1, 22, 1)
100 111331 (12, 0, 211 procons. 1111)
300 1111.Ιὸ (2, 21, 2)

314 1111111111 jum)

31 Aug. 11 (11311 - 1131, 3)
131 111113 (1111)

maome patricius
1011111111

1011011111Υῦ

romulum

111111111111111111 ριοοοιη Asu?

 

