- CLXXVII -

16, 651. 16, 5, 58. 16, 8, 22. 16, (6261 - 18, 5, 51) - Nov.6 (16658) - Dec.8
11555511111111 1, 7,4 416 (1555951166, 9, 4) - Dec] (161621)

1111111111 *403 111111 (68619)

’412 01121 (11111.1,40,12)

’414 Noe. 30 (16616)

416 1111126 (12, 6182) - 5111121 (11111 11111) -·
Aug. 30 (64623) - 811159 (11,28, 11) -
sepe 29 (16, 2, 42) - 0115 (161615) - Nov. 11
(6261) - Noe. 11 (6, 24, 8) - 0111316269)

411 Mart. 14 (8, 12, 9) - Ape. 10 (16, 9, 4) - lul. 28
(1,11,2) - 3111121 (15, 11, 2)

418 21513 (16,1,13)-1ρ1.17 (161, 183) -111621
(18, 1,21)

419 5111118 (168666) - 8111524 (64624)

420 51155 (1111161610)

1111111111 420 811118 (1, 16, 3)
422 141113 (1,8, 13) - 14111. 23 (1,34,2 - 2, 10, 6)
- 1111119 (8, 4, 21)
(1111516464)

Ammonem 423 Febr. 15 (1,4,35 —- 1666 - 16625) - 511161
add. consul ordinarius 1,15,2 (1, 15, 2) - 141119 (7, 6, 5) - 54111. 31)(4, 162
-- 11, 30, 67 - 11,31,9)- Apus (16 5, 59 -
16626 - 1665 - 161622) - 51115
(12,1,134) - 111111 (63614 - 8, 4,28) -
111111 (1,34, 3) - 111118 (16660 - 16621 -
16, 1623 - 161624) - 11168 (16661) -

11169 (12, 62)
424 Febr. 14 (6161- 4,4,1) - 111113 (11, 26 5)

-— 111114 (2,12,1 - 4,14,1)
425 Febr. 1 (1665)

mm ’ - 111 1111111111)

1111111111 425 111123 (641, 1) -611122 (6, 164 - 6, 268)-
011111111 6, 164 Noe. 11 (63624)
426 111123 (6 42, 24) - 111111 (12,12,16) - lun. 22
(6621) - 01123 (62621)
421 5111516 (62610)
428 815120 (661 -3,5,13-3,1,3 - 6164 -
4,6,8-5,1,3-11111661,2)- 14111 28
(645, 5) - Apr. 21 (11111. 8, 58, 29)

421 111111 (11111. 1, 8, 1)

428 «111121 (1662) - 5111. 80 (16665) -111119
(12,4,1 - 11116111 — 1111516361) -
11111) (6620) “

429 uere. 11 (11111 8, 62, 4) - 5111121 (11111. 1, 19, 8)

(4391) ... . (11111. 162614)

1111111111 421 oce 14 (11116562)
add. 51111111 9, 464 431) Dec. 31 (11, 26 6)
mandata 1111111 per referendarium 431 51111. 23 (6464)

11111. 6562

 

