- 0111141411 -
1141111111 420 Sept. 21 (6, 1,6)

(1011414114 421 (1111113111 0116111 p. 620; 11111111 corpus
leg. p. 240)]

1414114 426 111111 (16, 6, 62)
41111111 , 426 11111. 60 (6, 1,1)

ana-”⁴-

Pmm 1111111111 1111111 101111111111101011111141. -
1111 mmmm 334 1111111 (11111) - 11111 (41113)
0ἷῖἷῖζὶἱο 3114311113 ’364 (1644111111)

[111. 0011111. 14,16, 1 6101 6166 Aug. 4 (14,16,1)
612 141118 (6, 4,20 - 14, 9,2 - 14,11,1)

1111411114 11411114 616 Ἱ11111. 26 (1, 26, 6)
1111111114 6601111124 (6,1,2 - 6, 9, 2) - 111114 (14, 11, 8)

1411141114 *619 1111110 (12, 16, 4)
661 1111. 60 (9, 11, 6)
662 1111112 (14,10, 1) - 4114 (2, 12, 6 - lust. 6, 4, 6)
*689 (16, 2, 4)

1114111114 662 1111122 (16, 2, 6)
666 113129 (6,6,1)
664 4113161111. (6, 2, 14)

1113111114 666 1111160 (14, 12, 1) - 111129 (6,4,1)
....... (1111 1, 43, 1)

manvu 669 1141126 (4, 4, 2) - 1111. 26 (14,11,9 - 16,1,26)

1111111. 14119 - 13, ι, 13 - 114111 (1113)
· 311111111 (1111)
311 11111 (11111)
311 131. 11 (1111) - 11111 (111111)

4111114114 696 1311121 (1, 1,6 - 1,26,4 - 6, 3, 1 -— 6, 4, 26 -
12,],160-12,1,161((ῆῑο)-·12,1,162(6Ῑ)“ο)-
16,1,29 - 16, 1, 60) ·- 411126 (14,11,11) -
1111. 26 (11131. 6, 66, 2) - 1411161 (6,2,16) -
1101. 26 (14, 11,12) - 01116 (12, 1,166 (6116))

1111311113 696 141121 (6,26, 6)

4141141111 696 111113 (16, 2, 6)
’ 696 4111. 29 (11,66,1) - 1111. 90 (14,]1, 16) - 41116
(12, 1, 162) - Aug. 12 (6, 6, 6)
691 Sept. 26 (4, 4, 4)

1114111114 696 Febr. 16 (6, 26, 6) - 113126 (16,19, 1)
696 Dea 29 (6, 4, 29)
4041114111 696 1131111 (1,1,11)

4111114111 (8111τί11114 6, 12, 1) 696 1111126 (6,1,14) - 01611 (16169)
699 Sept. 26 (6, 12, 1)
(6,4,66)

1114111114 996 (402] 141116 (16, 6, 60)
699 Mate (16,1,16)
401 Sept. 12 (6,26,12)
402 1441622 (141114)

 

