Praefecti
praeturio
(1111111111

- CLXXVIII -

’1111111 188 1ρ1.22(11,28, 16)- 1111.8(8,1,11-11111.1,81,8)
181 lun. 18 (8, 12, 8) - 1111.20(11,28,18)- 111818
15. 3, 0

11111111 188 Ian. 28 (8288) - 1111. 11 (18, 10, 28)
188 11))1.8(8,1,80 -12,1,181- 12,1, 188) - 11111
(11,88-12,1,189-12,1,100 - 188191-
11, 282 - 11,21, 2) - 111111 (182811) -
Aug. 4 (12,1, 182)

1111111 188 111828 (11,1,81 - 11, 81)
181 Maru 18 (8281)

Ρ11118811011 881810810811111111111111.

11111111 818 1111120 (12, 1, 88 nom.)
011111111111111111110.11.111,12880 819 111111 (1, 1, 8)
d 1111811111 clar. tul 1111812881

11111111111 (01181111111111881) 882 111118 (1880, 80)
Galliarum 11111. 10, 82, 28. 11,186 8118 011. 18 (lust. 10, 82, 20)
888 Apu? (8, 1, 9)
....(11111. 11,11,1 -111111,18,8)

11111111 (v. p. CLXVIII) ... .. .. (Iust. 1, 88, 1)
Galliarum

1111111111 881 111118 (18, 10, 8)
Gallienum

1111111111 8881 8101 111126 (1, 188) - 110122 (18, 10, 1) -
Galliarum 1, 188. 10,11,1. 18181 011180 (1829, 8)
888 81111128 (8, 880)
889 8111120 (11, 10, 1) - Apr. 1 (1,18,12)- Mai. 11
(81, 10) - 11118 (10,11,1)
8101111180(18,10,6) -
811 8111111 (1181, 1) - lun. 28 (12, 818)

1111111111 811 Aug] (11111. 8, 22,1 mm.)
811 110111 (9, 21, 8)
818 111111 18 (881 - 882) - 111118 (8181)
(lust. 11,18,1)

11111111 818 111111 (18811) - 8111111 (9, 882)
Galliarum 8882. 18811 ’

11111111 818 111120 (8, 8, 88)

mmmm (1111111111111) 111 1111111 (15, 11, 1) - 111115 (511) - 1511
Galliarum 5, ι, 1. 11111 (1, 11, 5)

1111111111 8881111.8(181,88 nom.)
0111111118281. 81810. 11,1,28 881 Deo. 18 (lunt, 8188)
18181. 12, 18, 2. 12, 18, 8. 11111. 888 1115118811) — 81111. 1811811, 11,1 ·- 8888)

1,ι1,5. 11,11, 11 111 111. 11 (11, (11) - 88111 (11, 151)
400 111. 11 (1111) - 111111 (111111) - 11111
(1.15, 15) - 11511 (1111 - 11,11,1 -

12, 182 - 12, 188) -111118 (1111181818) -
0118 (8, 8, 81)

 

