*cmlx-

11118111181)-11811111111188881-
8811811888..)
111 oet. 11 (1111)

111 1811 (11111)
111 Auge (1, 1, 1)
118....(11,1,11).

’ ² 111881.1(1,1ο,1-11,1,111)
111 lma (11111)

1111181888.

oms 11818111 munuum 888 11111. w (8818)

nonnum: 8111111111 ¹ . 880 1111188 (10. 80, 8)
nux ' 8111811811811881)

, 811111 = 8881886 (18801)

ἑ1181111111 1 418 1111118 (811818)

mmm 818 (884] 181. 10 (1, 80, 1)
11111111 884 111888 (18888)
rmum 888 081. 88 (1811 1, 40, 4)
11811111 848 18888 (8188)
mum 884 888188 (18118181)

11111111111811111888- 111111 1111111118 8881111181 (18188)
11111111 nomn 888 181118 (884)
mnu: 8881818111 11111111111 881181.1(4,18,1)
’ 8111111111 881 88180 (18188) ’
unm: ί881111111τί1 mum 888 118818 (8884)

8111111111 8881111111 1181111118111111111 888 1181. 11 (1, 8, 8)
1111181111 884 081. 8 (8, 888 - 18181)
, 808 1111114 (8884)
1111888811 810 111118 (18811)
8111881111 881 118111 (14, ’1, 1)

om: 8888 mm (181111) nm 111 08111 (1181 - 18, 1)
11818118 (11111 nom.)

880 18188 (18 84 11811)
11811111 vide Aemilia 81 Liguria

1181111 1111111111 881· 81118111 1181111111 818 (018]08881(81(11,881-188),1)
188181 11111111. (811 1, 88, 1. 8181888 (8181)
18, 8, 8) 8811111111 818 Febr. 18 (1, 881 11811.) - 081. 81
(08188188811,88,1) (1888)
11881118811111111 810 18880 (8181 - 1888)
11111111 884 1811. 11 (8, 488 11811.) - 888118
8811881111 in 181888, 1; (8188118111. - 8888111111. ·-
11118111 in 18181811 888-888188881118888-
10, 888 8118181 data 888188 (81881 m) - 0818
18. ’ (8481 uon.)
1111181111 888 lut 88 (88 88)

1181111111 8881811111 1111111111 (1118111818 888 118.11(1,11)-[181.18(0881111
8811881108811111) 84)) - 0818 (18811) - 08818
1811811111 810 (1111811888)

 

