- CLXIV -

1111111111 11111111111111 11111111 410 (108) 111125 (11,81, 5)
118115 112 [118] 1111111111)
1111111118,1,2 - 12,1,7
An 1118111 provinciam pertinent constitutiones destinntnrie carentes 12, 1,7 - le, 10, 20.

nune 865 11111. 26 (7,18, 1)
edietum

1111111111 817 11121 (8,1,8-ί 10,7,1 - 10, 20,1 - 12, 1, 5)

11111111111111111111112,19,8-1,10,1 ’882 111. 27 (2, 19, 8 - 4, 10,1)

111111111111 11111111 5,15, 16 - · 861 Sept. 12 (5, 15,16 - 10,10,8 - 11, 10,8 -
10,10,8-11,18,8 , 12,1,59-12,1,60 -16,2,17)

stenem 12,1,58 - 12,1,60 - 16,2,17

“ 11111111111111111111 11111111 414 Aput (1128, 0)

11111 5, 10,1 820 Aug. 18 (5, 10, 1)
(1111117,18,1 865 1111126 (7,18,1)

edietum 7, 18,1
evemus 822 111. 26 (1,1,1)

nemausus v. 11111111111111111
mss 1111111111 8688 8707 ew? Apr. 28 (7,1,6 - 12, 1, 61)

nsevnwunm 1111111111 812 11111. 81 (8,12,1)

. - 820 811120 (12,1,7)
11111111 (821 Apr. 7 (12,6, 1)

mesenensem - 1111 - ses 1111. 11 (1111)
1111 11111111 1111 111 nent. 11 (1, 11, 1)

11111111 (11111 - 1111)

cmm„ 1111111111 11 11111111.
Π 111111111111111111111111111 885111. . . (1111.1,55,1)
⁰⁰r⁹⁰¹⁸ 1111111111 11111111111111 821 11118 (16, 8, 8)

sennenn 1111111111 111111111111 887 111112 (10,10,18)
1111111111 801 111111. 11 (16,2,16)
osso 1111111111 1111111.11(11,1,1-11,ι,11)

111111111111111 11 1111111111111 824 11121 (11, 16, 8)
1818111111 eornm (11011111) ⁴

enno 111111111 (1111. 12,1,11) 1111111- 858 111. 28 (12,1,11)
1111111111 (1111111111 11, 81), 82) 861 81111 (11,80, 82 - 11,86, 15)

1111 1111111111 consensum 1111111· 810 111. 18 (12, 1, 20)
esve

nmononmm 811 Febr. 12 (5,18,1)
ad edictum eornm (1.1. 012111)

1111111111 111111 858 1111. 1 (1. 0, 1) - 1111111111-1111)
1111111111 862 nate (18,8,1) ’
(11111 11 ceteris) nscvnssnnnss 101 lune (11,1,1)

1111111111 826 01128 (18, 6, 1)
111 decretum eornm

1111111111 m 11111111 18, 5,86 - 880 nenne (11.1,11 - 18,9,8)
18,5,87-18,8,6;1111111111111111 412 1111117 (18,5,86 - 18, 5, 87 - 18, 9, 8)
(ἓ, ι15186, 1111111 11111111111111

1 8

 

