- chx —

1111111111 396 11111. 30 (1, 1, 33) -- 11111. 16 (1, 1, 33) - Dee. 38
(11, 313 nom.)

31111110111 (immo mag. mil.) 396 Dea 33 (6, 1, 38)

1111000111 830 [391] 111113013011138 (1111105111118)

391 111113111111113 (111131 - 11, 1133 = 16, 3, 30)
·- 8011131(1,13,13)

398 10111 (10, 1, 31) -30111.(30111.1) 13 (13, 1101 --·
111108) - 1111. 13 (11,10,1 - 14,19,1) -
111130 (11, 3, 30) - 11111. 31 (3.1, 11) -· 111111
(11111. 10, 13, 6) - 1100. 31 (11111 1311)

399 111111 (1130, 08) —- 00130 (0, 31, 13)

’336 Mai. 19 (11, 30, 00)

399 Febr. 16 (13, 0, 33 - 13, 6, 8) - 11110 (13, 1110)
—- 111111 (111111) - 111133 (10,3,1) -
Mai. 11 (13, 9, 3) - lul. 30 (1, 19, 1) - 1111131
(118- 11310- 111161 - 11111. 1, 04, 0) -
801111 (11, 110) -30111.38(1,13,1-111, 10 Ι
- 11,10,6) - 00111 (1,0,13) - 1101. 30
(3, 1, 3) - Dee. 33 (130, 16) - Dec. 31 (11101
1,01,3) - 1100. 38 (10,3,8)

400 11111131 (11, 33, 1) - 8011139 (113, 1) - 1101. 31
(1,0,13-3,11,1-8,0,09-8,0,00-10,3,0
0- 11313)

⁸401 80111. 33 (111111)

(1111111013)

mmm 400 [400] 301111 (3, 8, 31) - 3011136 (10, 0, 31) -

10131 (11111 110111) - 0016 (1130, 3)

401 Febr. 31 (1, 113 - 11111. 10,10,11) - 11011 30
(8, 3, 0) - 11111 (10, 111) -· 111113 (11110)

103 3011131 (1,18,11) - 1111. l (6, 31, 13) - 1111. 30
(1, 18,13) - 0013 (1, 18, 13 - 1, 18, 14)

404 3011131 (8, 0, 00) - 11011. 31 (1, 0, 3) - 111130
(111111) - 1111118 (13, 0, 31)

100 301111 (311111. 3 = 16, 3, 30) - Febr. 13 (111114 .
- 16, 6, 0) - 30111. 31 (10, 143)

10111111 400 [4001 1111116 (9, 38, 10)
0011111111 101 1111. 33 (111110)

10101111111 106 {ssnlgl 1(ἐ3, 1, 3) - 1101113 (13,11, 11) - 11111131
. · )'·

01111111 101 11111 (1110)
108 301113 (1311) - 110110 (311111. 13 = 16, 0, 13 =
16. 10, 19)

1011101111 1081133 .. . . (11111 11113)

1110110111 108 Sept. 13 (11, 38, 4) - Sept. 31 (9, 13, 31)) - 001. 10 .
iterum 311019 - 10,0,10 - 13, (1111111111) - 00130 (9,13,31) - 1101. 33
, 0,40 (1311 - 9,10,30 - 9, 43, 33) - 110130
(11111) - 1101.31(311111.9;16, 3, 33 - 16,
111) - 011.0)10(11111.10;0,1,0 - 1, 1111
- 10, 10, 00) - 0111011111- 1111110)
100111. 10 (sirm. 14 = 10, 0, 01 511010) -
Imffiffimn
....... (1111111013 - 1111111130)

 

