noenum
PRWOPIVE

moun

”mm

uanum
8078880178

mmm 1111111 primi ordinis (p. o.
11118, 8, 84. 18, 6, 9)

mm

mmm

mm mum
ummo
mom!
mmvu

numu

71718878

vamum

numu vmmnvs

11111111 (111 8,18,1 - 18,11,1-
14,4,8)1111111111

vmm‘nv!
vmvlouuvs
VOMIANV!

8181178
mv!

-ccvn-

(8181888 .. .. (11111 8, 1,8) ex Hermogenimol
814 Apr. 1 (4,18,1)

4141111111 (11111 11,88, 181 1111117)
1081488 . .. . . . . (11111. 11,18,181 11111117)

818 [880] 1111117 (11,1,11 1111111118117)
877 (118, 18)

818 Apr. 84 (1111 8, 88, 8) - 81188 (1,18,8 -
4,18,11 procons. 8117)
888 1111. 11 (18,1,881 1111110111111117)

888 811. 7 (18,1,10. comes 0111111117)
888 111111 (11,80, 881 11187)

408 111118 (7, 8,81 1118117)
848 Febr. 81 (11,80, 881 111. 8111117)

111 1111111111. 11 (1111 - 1111 -11,11,11-
111111- 111111)

111 111. 11 (1111- 1111)

111 (11111111111111 111)

111 111. 11 (11111111 1111)

888 111180 (7, 8881 8117) - 011188 (4,88,11 8117)
888 Hui. 18 (18, 8,81 eom. 1111117)

111 111111 (111, 11)

818 811117 (8,18,81 111. 7)

878 811188 (1.18, 101 mag. 187)
818 Febr] (8,4, 11 1117)

418 1711. 8 (6, 88, 101 11111 1. 17)

848 Nov. 18 (118181 Titianus 11187)
888 8111. 88 (1,18,181 pff? - ⁸,11,r›: 181117) -
1111187 (8,81,81 ᾗῑδῆ

888 Apr.6 (7, 4, 8) ἱ

111 111. 11 (1111) - 111. 11 (11, 1) ΓΟ,
1111111 (1111) ς ¹³
wmwmfflw

111 1111. 11 (111)
111 111. 11 (11111 1111)

817 1111187 (11111 8, 1, 4)
8181887 .... (888, 1)

111 111111 (11111) e „ ?
111 1111111 (1111) - 111. 11 (1111) ‚ ¹³3¹
111(111]1111(1111)-11111111111( ἒξ,
1111111) 111. 11 (1111) ·

1111111 (11111 111 (1111111111)
111 111111 (111, 11)

811 111111.18(18,8,1) - Apr. 84 (8,8, 1) Ι 1111111.
88114 Aug. 1 (18, 8, l) 111817

888 81818 (11,],8)
818 rehab (11111888, 81 11117)

 

