- chxxxl -

886 16180 (1888 m) - Aug. 8 (10, 8, 8) - 06188
(4, 811 nom.)

mom (616 1180, 18) mum ’880 116119 (0, 4, 1)
886 Nov. 18-889 86616 886 1668 (11,80, 18)
881 116116 (6, 4,8) - 16119 (8, 1, 8)
889 16619 (11,80, 18)

66616166 mmmm 889 11611(161.(6,4,0(6Ῑ16)) - 166. 88 (6, 4, 4 [WB
808 16618-889 16114

mum 040 161686 (9, 11, 1)
889 066 86- 941 Febr. 84

omme 941 Dec. 84 (8, 116 nom.)
841 Febr. 86-848 116111

‘sums 848 1614 (1118, 1)

mmmm 846 [848] Nov.l (16, 10, 8)
648 lake-344 161. 10

66611666 846 1618 (11,80, 88)
844 161. 11 - 846 1614

numus 869 161. 88 (11819) - 116189 (16,10,6)
868 866181-863 11661 864 86616 (9, 88, 8)

6611166 868 1161114 (6,4,1)
868066.8.... 864 866188(9,86,16616.)
Of. 61. L. VI, 1739-1742: 61661 866 11616 88 (8, 18, 8) - 161. 84 (8,18,1) - 1616
6111 etiterum 61661. urbi (14, 8, 8)
866 (11186616.)
861 166. 1 (⁶18, 6, 9) - 161. 16 (8,18,1 nom.) -

061. 11 (16, 18, 8)
868 161688 (8, 18, 4)
1169 1161186 (14,11, 1)
....(1661.1,81,1 nom. - 16611116)

‘suanm 868 Aug. 18 (1, 80, 1)

η. (sic 14, 4, 8) monum 868 11619 (14, 4,8 nom.)
864 uni. 88 (1661 1, 40, 6)

6116116616 864 161. 88 (7, 4, 10) - 116186(16,111) - 166. 1
exoriente 14,10. 8,6,19. 16,1,11 (11111)-16118(1,6,8-9,40,6-11,18-
14,8,8-14,8,4-14,8,6-14,8,6-1168
-14,16,1-14,88,1 - 16,1,18) - 166. 88
(8,6,19) - 061 8 (118116 - 14,81, 1) - 11619
(11,80,84)- Nov. 86 (9, 48, 6) - 0661001168)
866 16611 (18,6,11 - 18, 6, 8) - lan. 16 (9, 40,8 —·
14, 8, 8) - Febr. 16 (11,81,8) - 116169(16,4
- 10, 1, 9) - Aug. 18 (11,8,1) - 866181 (14,
0,11) - 0618811188)-1161110611)-
Dec. 80 (1181118)
....... (1666 18, 1, 9)

6661616666 864 1668 (11111)
66 praciam, 16661 14, 1811661166 866 Febr. 18 (8, 6, 88) - 166. 88 (6,4,18 - 18,161)
- 16186 (1661 1, 89, 8) - 1666 (14, 6, 8) -
(16610 (0661611101 - 86618 (11881) -
Sept. 11 (1661 1, 19, 6)
868 1664 (1, 6, 6)

 

