··. 666666 -

6661666 6616 π (616 7, 1, 6) 666. 66. 866 866661 (7,1,6)
(66. π 666. 16616669) ... ··,·· (166611,68,6)

mommo 666. 1111.. 866 11666 (7, 60, 9)
6666666666 666. 66 6701 6761 1161. 68 (6,11, 1)

6666666 666. 66. 671 116666 (8,7, 11)
emissa 66 magistron militum 61 eo· 676 166 61 (7, 1, 11)
mites 61 (16666 omnes add. 8, 7,11

6666666661 666. 66. 8661876 . .. . (1666 1,11, 1)
6666666666 666. n 666. 666 1411.. (Or.) 666 06660 (9,89,1)
6666166666. 66 666. 66. (Or.) y 886 1166666 (1, 17, 6)
nouom 666. 66 666. 666 66. 691 Mai. 67 (7,1,16)

6666666666, munao 66 emm 666. 896 161. 69 (7,1, 16 - 7, 9, 6)
66 1666666666 (Or.)

nm1mv'soon.m4o.mm(or.) 6666161 (6, 666)

1666666 οοι.66666.π6666666 666- 696 166. 16 (1,6, 10 —- 1, 7, 6) - 666669 (16, 6, 9)
mn (per Or. aad.) 696 0666 (6, 61, 6)

6666 66666 666. 6661116666 mou 898 Deo. 60 (9, 7, 9)

smmum 666. 66 666. 666. um (616 696 1166· 16 (6, 6, 66) - 1166. 66 (6, 1, 68)
7, 7,6) 666. 66. 8, 6, 66, 6-66 errore 698 1166611 (7, 7, 6)
6, 1, 68)

6666666 666.66(616.7,60,16-7,1,18) 698 666618 (1, 7, 8) - 6666 66 (7,66,16)
666. 666 m(144.m1,1,8) 699 666616 (7,6, 1)
100 166. 60 (7,60,16) - 1166619 (7,1,18)
107 11666 66 (7,16, 16 - *7,60,16)

mm 66666... (16616666)
66666666 m. 66. 666 66666166 116 16666 (7,17,1)

6666666666 666. m. (066.) 116 Febr. 69 (7,18,17)
eomes 66 patricius 16,11,11 111 176619 (7, 1, 61)
116 116661 (1611116661.)

mum 661666 mmm 66666666 116 Mai. 18 (16,1,176)
66666 666. 66 666. 66. (066.) 116 16616 (61616)

6666666666.66(6668,1,16)666666 111 1166 16 (1,7, 1)
666 omnm 116 1166616 (8,1,16)

mmm nu. 66. (Or.) . 116 06616 (1,8,1)
umam m. ιιι. (οι.) ’ 66 66. 6 (1, 8, ι)
omma 0044. 66 666. 66. (066.) 166 Febr. 66 (666, 1)

nomam m. 66. 166 1161. 81 (1666 8,61,6)

mooun 666. 66. 666 omnm 16111666 (7, 1, 66)

Ἡ 6616666666 61661 66616661.
66666 nmmo 1111666 (6669)

 

