— CLXVII -

ι PRAEFEC'I'I'PRAETORIO ITALIAE (1881810118111818).

‘emm (immo (11888111 Africae) 888 1111112 (18184)

’8111111111111111118(1’1111118 88)

mmmm!

omumvs
motuve

1111111111
’1111118118 (immo 881111. (11.)

mmm

28198181

votvsunvs

bofflssvfl

mm

181118111ῗῦ

8891811.8(12,1,27 nom.)

889 11811111. (84, 8) - 1111128 (8, 4, 4)

849 111129 (18181 nom.) - 1111128 (822, 8)
841 1111124 (8,2,1 - 12, 881)

844 111111 (12, 1, 81)

849 8811112 (821, 8) - 1111118 (8182)
849118188(2,1,1 - 1888)

848 Dec. 28 (11111. 8, 82, 8)
882 8811128 (1811. 8, 22, 8)
888 (882) 118118 (8281)

8888111111 (1,8,(11118118111)
884 888822(111812,1811)

888 18111 (11,84,2) - 88111.18(111111.8,22,8 (ᾗ 1811)
- 18180 (8182) - 181. 28180 (188828 -
188812)

811 1111111111, 1)-111.11(111ο,11- 111111)

1’846 (8841) [11181 (18184)
1’888 (887) 111121 (12, 1,49)
888 1))1. 8“(8 8211811) - 181. 19 (12, 1,48 -111118
1 (1,8, 8) ·- 1111.28(2,1,2)-183.1 (18181) -
&pm (1111)

888181.8(82,1) - 11882 (18,1,1)

888 Apul (18188) - 111111 (8282 m) -
811188 (8,1,8) ·- 11111. 24 (888) - Sept. 24
(888-11888 (88,9)-1)8818(7,4,8118111.)
““· · · · · (111 ω) π)

888 111114 (9, 42,4 118111.) - Mart„ 8 (11118 8, 28, 8) -
11811 19 (10, 29, 2) - 118122 (8, 4, 8) - 111111
(887) - 1888 (8188)

889 8811128 (18189) - 1111118 (188828 118111)

880 1811. 89 (18, 2, 18) - 1111. 18 (1882)

881 18129 (8,(,7 - 18849)

882 Febr. 22 (8812) - 111118 (818, 4) - 1111129
(8818)- 88819 (8814) ’

,888 8811128 (8182) - 11811 28 (188), 81) -
11))1. 28 (1882) - 11111.21(1,22,81111111.) -
118128 (8818) - 118121 (8, 88)

111 11111 (1118) - 11111 (1111) - 11111

(11111, 1) - 1111. 1 (11111) - 1111. 11 (111
-11,11- 11, 111) - 111118 (11111) -
11111111, 111) - 11111 (11111) -11111
(11111) - 1811111111) - 1811181111)
- 01111 (11111) - 08111 (11111) -
0111111111) - 11811 (11111) - nee. 11
(1111) - 1181111 (1111)

buteoti
(1118181111
1181188

 

