- chxxn -

864 (367] Onna (14, 8, 7)
367 111119 (9,40,11) - 11116 (9,38,3)
*371 Febr. 11 (16.7, 1)

111111111111 366 0118 (3,46, 10)
367 Aug. 18 (8,14,1) - Oeta (14,4, 4) - Nov. 18
(6, ³5, 7)
368 611120 (1,6, 6)
376 111130 (13, 3, 8)

11111111 ’367 11111 (13, 6, 9)
*361 Mai. 16 (2194111111. - 2, 261 nom.)
368 111116 (9, 38, 4) - Aug. 18 (11, 36, 19)
3687 9767 111119 (6,4,17) - 8111619(11,81,3)-

Mart. 1ο (1111) - Am (11.1, 1) - Apu
· (1111)-11111(1,11,1)-111.1(11,1,1ο)-

11111 (1, ιο, 1) .

119 111.11(11,1,1)- 11111.11(11,11,1)-1)11.11
(1111) - 1111.1(1111.1,11,1)- Iun.l (11,
111) - 11111 (11111) - 1u1.8 (111, 1) -
nem (11, 1, 11)

1111111110 (1111111) - 1111116111) -
1111111 (111, 1)

111 (111) 11315 (11‚31‚5)

11111111 371 11111 (16,10,1) ·- 1111117 (16, 2, 21) - 1u1.29
(2, 4, 6) - Aug. 16 (4, 6, 4) - 0116 (91616) »-
111111 (8, 6, 32 nom.)
972 1111162 (16, 5, 3) - 11116 (6.7,1 ·- 6, 9,1 -
6,11,1-·6,14,1ε6,22,4)
....(11111.1,28,2)

11111 372 Aug. 22 (6, 4, 21)

1111111111 *376 11))1. 29 (13, 8, 10)
334 816118 (lust. 1,48, 2)

1111111111 374 Febr. 14 (11296 - 11‚30,36 - 11,36,21)

11111111 369 11118 (11,36, 20) [[11111111.1411.7Ι
374 111111 (11,36,22)

1111111111 376 Dec. 1 (2, 2,1)
977 11114 (9, 36, 3)

1111111111 377 8111617 (11,2, 3)

’ 11111116111161111 &anamim 111 111111 (111)
1068)
11111111 379 Apus) (11,36, 26)
11111111 880 Febr. 15 (6, 85, 9) - 1111118 (14, 3, 16)
11111111 886 1111. 24 (15, 7,4 - 16, 7, 6)

1111111111 866 (381) 1111125 (9,1,9)
381 11111129 (6, 10,2 - 6, 2271- 6, 262) - Apum
(16,117)0,ι2)8)- 11))1. 24 (16, 7, 6) - 1111866, 'm

’1111111161111110 W) 881 0169 (8, 7, 171)

 

