·- 0011 -·

1111111111 1111111.
ἠοω 1111111111 81811111 (1118 8, 11, 8)

819 111110 (11,89, 8) - Aug. 19 (8, 1,1 - 11,9,1)
1111111111 888 11111 (11188881) ’
11111111 888 111181 (11,81,1)

11111111 888 11111 (11, 11, 8)
81011118 19 (11,11, 8)

11111111 008 1111111 (11, 18, 8)
1111111111 881 111111 (18, 8, 8)
111111111 818 811188 (11,8, 11)
1111111111 v. 1. 811 Febr. 18 (11818)
888898 .. . . (11118 1, 88, 8)
899 8111888 (1, 18, 1)
108 111188 (11, 8, 81)

8111888011 8111101118 Amnem.

1111111111 818 111180 (11,80,1- 18,(1, 8)
Africae om. 18, 8, 8. 18, 8,8 819 (818) 1111. 88 (18, 8, 8) ¹

numunvs 889 111111 (18,8, 18)
81015 ... . (18, 9, 8)

8111888011 1111101118 1181888888.
11111111 819 111111 (18, 8, 8)

1111111111 1111111.
νίψω 111111 (111 1,8, 1) 1111111111 811 Dec. 80 (1,8, 1)

819 1111. 1 (8,10,1 - 8, 10, 8)
888 11118 (18, 11, 8)

8811081888.

numm 111 1111111 (11, 11, 1) ’

11111111 v. 1. 818 11111. 10 (10,8, 1)
1111111 819 1111111 (10, 8, 8)

1111111111 880 111180 (9, 8, 1)
1111111111 811 811118 (8, 18, 8)

nummu 111111 18, 1,8ος 1. 1. 810 Aug. 18 (18,1,80)
eomes largitionum 11, 1, 8 818 111111 (11, 1, 8)

1111111111 ι 819 8111111 (11188881)
1. summae 111

1111111111 881 Iun. 88 (10,1,1)
1. summarum

11111111 1111111 819 Mai. 11 (10,1,8)
11111111 880 111111 (10,19,1)

 

