- cbxxxm -

81811178

meva
1111811178

mmm

uuvmvn

mum

11111111
add. 11111111 11, 80, 49. 18,16, 1.
14, 4, 5. 15,1,87. 15, 8, 5. lust.
6,1,8

Amm

usum

Anononcnvs

nummu

010188

81111708
Imaum

nouomvn

mmm

mmm

Auum

fluoelm

monum

888 51111185(18,18,8)-Λ(11.1 (6, 6,1 - 116, 4)-
11111. 80 (14,18,1) - Aug. 1 (8, 9, 8)

888 111188 (1,6, 8)
888 Febr. 19 (111)

884 111189 (4,17,4 - 11,80,44)
885 Apr. 87 (1,8, 9)

886 1111111 (14,1,8 - 14,8, 18)

886 1111. 6 1118518)
887 11111. 88 (18,8,18) - 81518 (6, 88, 4)

11111111 (11111) - 11111 (111141 - lust.
1,1,1)-11ς.1(1,1, 11)-111. 11 (1, 1111-

11111)-(11111(11,1,1)-11ς.11(14,4,1)
- 11188 (15, 8, 6)

990 1111116 (9, 16, 4) - Apr. 4 (15, l, 87)

111 111111 (1111111111)

891 111114 (14, 8, 8)
895 141115 (184, 1)

895 551181 (15,14,9) - 1111111 (15,14,11) - 111185
(11,80, 54) - 111114 (7,18,8) - 11116 (8, 18, 6) -
111114 (8, 8, 7)

401 1111185 (11,88, 8)

111 sept„ 14 (1111)-1111 (1111)

111 111111 (1111) - 1111111111-11111

111 4114114ίὲ11, 1, 1) - 1111111111- 111181
(1111- 1111- 111111 -11,1,111 -
11,1,111-11,1,111 -1111,11,1)- 11111
(mo)

....... (11111111)

111 111111 (1111)-

411 (111)11111 (11111)

899 lun. 8 (14, 10, 8)
400 111184 (18, 5, 89) - 111115 (9, 91, 1) - 511119
(11,80, 61) - Nov.8 (15, 8, 9)

408 11115 (7, 11115)
4017 Febr. 88 (16, 5, 40)
408 111115 (14,4,8)

409 Sept. 85 (14, 1, 6)
411 1111. 88 (15, 1, 48)

418 1111189 (14, 8, 4)

407 (418) 011 15 (6, 86, 14)
418 01115 (6,18,1)
414 01187 (6, 84, 7)

411 Sept 11 (11111)
111 111185 (1111)
411 11111 (11, 111)

 

