,ομ

11111111 prmo· 111111

ΒΜῚΙΙΜΙΠΜ

141111111
dux 1111111111 14111114111

11111141 1111111111 1111111

mou: corrector 11111111
1111111111

1411111111
1111111111 11111111
11411111

mnu: 1111111111 1111114111

4141141 prm 1111111111 1.1.

mmmm: 1111111 4111111111

Χ 14111141
1114111111 1411111111

111411141 1111111111 4111141111
1111114111

14114111141 prmo· mum

11111111 praenes nouom·
1411111

141141 prmo· 11411111
111111 11111 prmo· 11111111

Hm ⁷

mmmm nm:

111 111. 11 (1411)
mwmwm
114 (111) Aug. 11 (1, 111)
111 1111118 (1111)

36813171 0118811891

888 111117 (8,1,8)

884 0111111111) - 1)(111(8,1,4)
888 11111 88 (18,1,88)

888 1111. 17 (8, 1, 8)

870 14118 (18, 1, 78)

888 11118 (8, 4, 8)

8688870887818111.81(8,8,1ι11,7,10)

’848 oct„ 18 (8, 4114)
848 14118 (18184)

prmo· 11141111 1111111111 887 181118 (11,8, 8)

111 41111 (1411)

888 1111. 18 (1111, 1)
888 181187 (11111811)

8881888 (1111111141 ex Hermogeniana„

141 11111 (111114)
111 11111 (1111)

111 11111 (1111)

1111 11111111 1111 111119 (111, 1)
111 (111) 1111. 11 (11111)
111 1111 (11111)

praete· 111111111141111111111 818 711.1(11,8,1)

1111111111 ..........

11114 11 1411111111
pum 11111111 1.1.

mu: 1111111111 emaum
1411111111 1111111111 nm

(11111111) ’

11111111 1111111111 mmm
111111

1411411111

mmm: 1111111111 11111111
prooemia· 1181 1108018

141111141 1111111111 1111111111

14111114 11111141
1111111111 1111114111

111114111141 corrector 1114111111

111111111 pm 1411111111
1111111111 mum
11111111

mm
8118814 mmm:

11144111 ........

(111. . . . (111 fr. 11))

111 11111 (11111)
111 11111 (111111)
(111 111119 (1111111111)

111 11111 (1111)
111 (111) 11111 (1111)
111 1114 (11, 111)

mul (18188)
’848 1118403118)

111 111111 (1111)
111 1111 (1111)

848 1111 88 (11118811)

888 81118 (18,1,88)

878 111. 80 (1818)

88) 1111114 (7,88,8 = 18188)

888 lun. ω (11, 88, 8)

 

