..cmm-

*molem OFFICIORVM.
mmm ’ mammo)
11111111(011.) 8887 8707 8787 841188 (7, 88)
11111111 878 Aug& (8181011111) - 011. 1 (7, 18, 8)

nom ((1,.) 111 111.11(1,11,1-1,11,1 [1111)
111 1111111111)

1111111111 (01.) · 881 Nov. 80 (10, 84, 8)
888 8111181 (8884)
884 818118 (888)

1111111111 (011.) 888 811118 (888)
1111111111 (01.) 888 (888) Septa (8849)
11111111 (Oce.) , 880 8111188 (18888)

1111118111(01.) 888 01887 (884)
884 811188 (81, 14)

1111111111(01.) 888 8411....(888,8) - Nov. 84 (18888)

1111111 (01.) ’ ’888 781187 (8, 87, 7)
. 88811118(8888-887,8-887,8)
888 81818 (7, 8, 8) - 01118 (18884)
1111111111 (011.) 887 71188 (88811)
888 8411818 (88811)

1111111111(01.) 404 1111188 (18, 4, 4) - 1111180 (88814) - 71887
1111111111 (01.) 400 gam. 88 (888)
11181111111-8111)

11111111 - 408 7711. 14 (18848)

111.ῗὲιι {gesem ⁰ ’ 410 818118 (88811)

1111111111 (011.) 418 0117 (88818)

nmo (01.) 414 8701. w (18817)
1. i. 88817 418 Oct„ 18 (1,8, 1) - 871111 (88817)
patriciu· 8 87, 80. 8814 · 418 Im 80 (8, 87, 18) - Fabae (88817) - 871114
1111111 11 m. ο. 8881 (8881)
, 417 8781. 87 (88818)
484 88188 (1, 88)
488 Dee. 88 (8 8880)
487 Iun· 88 (U, 14) - 811818 (18818)

11131010(Ἥο 48) 818188 (8818)

11111111 (01.) Ι 481 Apr. 18 (88888)

namot.) 111111.11(1,111)-1111111(1,1,11)
mom„ 11181, 11

QVAESTORES (SACRI PALATII). Ἡ
111111 888 Mu& 88 (11, 88, 8) ⁸⁰¹¹ ΡΜ

“ „xm” 111 0111111111)
1. ἰ. 88817 418 Febr. 8 (88817)

1111111111 484 18188 (1, 88)
1. 1. vomu 11 q.

 

