— cml -

(1111111111 409 1111101 (0,0,0 - 9, 0,6 - 9, 31,1- 9, 360 - ’
11,8,9 - 11,09,18-11111.1,60,8) - 1111100
(9,3,1 - 9, 31, 4) - 811111 (9,16,10)

10111111 109 Λρτ. 1 (0, 8, 00 - 16,8,19) »- Iun. 00 (0, 4, 7 -
16, 0, 47)

manuve 410 111910 (10, 0, 34)
418 [410] 11116 (6, 06, 16)
(111111.4,40,4)

⁸410N0v.16 (1111, 11)

4108101. 16 (11,16,00 - 11,18, 1) - 111111. 19
(0, 9, 0) - 111111 [vel 1111104] (811111. 11 = 16,
0, 40) - Dec. 11 (811111. 10 = 16, 0, 41)

1111111111 410 11111. 00 (16, 0, 00) - 11111. 01 (11, 1, 01) - Febr. 09
(8,4,00) - 1611106 (18, 0, 30)
414 Apta (11,08,8)
11111111 (111, 111 119) - Dec. 11 (11111,
111)

mmm 409 [410] 111106 (0, 8, 06 = 8, 8, 8)
410 Febr. 17 (8, 11, 4) - 11111.0(13,11,13) - 1111100
(8, 8, 3) - Iul. 06 (16, 8, 00)
413 Febr. 14 (0, 19, 6) - Febr. 17 (1, 0, 10) - 8111118
(1111060319) - nats (11,08,7) - 111117
(6, 30, 00) - 11111.Ιο (7, 8, 10)

11111111 ’410 Nov. 06 (8, 4, 00 - 10,1, 170 - 14, 7, 0) Ι

1111111111 413 Aug. 0 (10,14,13)
414 1111116 (7.4,08 - 6, 09,11 —- 7, 8, 10)
ἯΜωωαηΜ
(lumnam)

1111111111 ’410 01116 (9, 88, 10)

410 11118 (6, 09, 10)

416 111117 (11,6, 0) - Mar& 10 (006, 4) - Maia
(10,1,181) - 81109 (11,09,6 - 10,1,147) -
Sept. 22 (8. 8, 9)

417 Dec. 06 (14,8,00 - 14, 4, 9)

11111110 (11,1,11)-’111.11(1,1,1)- 11111»

419 1111106 (0,18,1) - 111109 (14,4,10)

400 111118 (811111. 10 = 0, 05,8 = 16, 0, 44)

401 Mart. 10 (0, 16, 0) - 1111.8(4,10, 1 - 9, 40, 00 -
1010,οθ - 10, 10, 80) - 111108 (0,07,1)

· tomum 400 111111(0,13,1-0,08,1-0,00,0-0,31,1-
0, 00,1 - 8, 8, 10)

1111111111 400 Nov. 8 (8.0,Ιο - 8,13,8 - lunt. 6, 9, 4)
1111111111 400 111109 (6, 080)
ηοονινε 400 111111 (18, 6, 10)

1’1111111111 (immo (111 consu) 400 Sept. 00 (11111..8,10,11)
ι·

 

