ω coln -
1 nmmum 8171811111(10,11,1)

1111111111 1111111111 840 111118 (10, 8, 4)

1111111 mmmmm 1111111111 8881111. 19 (18.8,8 - 18, 7, l)
11111111 8181887 Apr. 88 (8,88,1)
111111111 840 811118 (10, 10, 8)

111111 nom: 1111111 887 111181 (11,80, 14)

MAGISTER PRIVATAE REI. Magister

11111111 1111111111 (1111. 11111 11, (18.8) 880 Mai. 18 (10,1,1) prim„ wi
1111111111 881 Apr. 17 (11,19,1 nom.)
(11111.11,68,811111.)

1111111111 11111111 111111. mmor

11111111

1111111111 , 88811111 (114816) · domu·
111111 11 procurator d. 11.

1111111111 1111111111. comm⁴

1111111111 1111111111 ¹) 818 Mart 8 (8,1, 1) *qum

11111111111 880 111118 (18, 8, 1)

0οΜ118 1111111108111. com..
mmmmm) '

11111111111111

TRIBVNVS VOLVPTATVM. 'mm
11111111111 v. 1. ’118 Febr. 8 (18, 7, 18)

’1111111111 1111 1111111111 ”nima

11111111 818 111111 11887. l) 1118111111

1111111111 ’ 886 811118 (8,7,1) ”
numum 888 Palma (8.1,8)

11111111 841 Apu? (11111 7, emo: 111. 111117)

1111111 87811111 (1,18,8ε comes 1. 17)

1111111111 871 1111. 11 (8, 8, 881 1117)

1111111111 884 111117 (1, 88, 8)

1111111111 888 81188 (111111)

mm ' 111111111111111)

11111111111 888 1111. 80 (10,1, 161 11111111. Am)

11. 1111111111 888 8118 (11,1,8; 887)

1111111111 eomes 878 11118 (1, 88, 4)
1111111111 11111 corrector Lucaniae (10110111.
1111111 878 8111184 (w, 1)

¹) 01. 1111111111 urbanum nuper eruderatum «litum 17131111118117711111111118111171
(11. 1711111111 18111 11188. 8119) 11 1111111111 in 1111111111111111811181111. tur 11111 01·
1171117111 8 p. 8711 [71)1111111111111111111 1. c. 11111111 aquarum 11 1111111111.

u·

 

