0110

1111111111 (011.)

1111111111 (Oce.)

- 010 ’ -

818 111111(10,11,8 m)
888 [818] 111115 (10, 10, 8)
881 111111 (10, 1, 8)

881 8111118 (8, 5,80)

comes 111. rol. 8,15,18. 9,1,19.11. 885 Mat 85 (11,1,11)

8, 81,8

*mmm (or.)

1111111111111 (01.)

1111111111 (01.)

1111111111 (011.)

1111111111 (01.)

1111111111
11111111 (011.)
1111111111 (Oce.)
111111 (01.)

1111111111 (011.)

1111111111 (01.8)
eom. 11. 1,10,1

11080110018

1111111111 (01.)
11111111 (011.)

1111111111 (01.)
11111111111 (011)
11111111111 (011.)

1111111111 (011.)

1111111111 (011.)

8888 8108 8188 Febr. 88 (5,15,18) - 1111. 9 (9,81,8)
881 011. 18 (1111. 8, 1, 8)

888 11111. 15 (11111 11, 88,1)

889 11111. 89 (10, 9, 1)

818 [888] 1111. 18 (9, 1,10 - 9,1, 11)

(5,18,1 - 1111111881)

111 1111111111)-11111111111-11111)
111 nec. 11 (11.11, 11)

11111111 111131 (1, 111 ,11)
111 Apr. 11 (11111) - 11111111)
111 1111 (11111)

819 111111 (10,1,18) - 11118 (8, 80, 8) - 111110
t
880 ἶΙΙιΞι9;1Ξ)11’Ῑ(10,10,18) - lun. 18 (10, 8, 8) - 811180
‚ 2 1)

880 11111. 18 (11,18,18)

111 nai. 1ο (11, 11, 11)
aaa 11111111)4111111111)-11111
111 m (1111111111) ’

....... (1111111881 - 11,88,1 - 11,11,8)
888 Dec. 18 (118011)

888 1111115 (118018 - 11,36‚29)

888 11118 (10,18,1)

881 11118 (11111 1, 88, 8)

889 1111111 (1, 88, 8)

1111 lun. 11 (111111)

111 lum (1, 11, 1)
111 111. 11 (1, 111)

111111 1111111 (111111)

111 11111 (1.11, 11)
....... (luat 1111, 1)

895 1))1. 88 (15, 11, 10) - 1111. 11 (10,9,8)
898 1111. 89 (10,5,1)

’ 111 apr. 11 (111111)

111 11811 (111111)
111 lun. 11 (111111)- neo. 11 (11111)

111 Nov. 11 (11111) - noe„ 11 (1, 11, 1)
111 (11, 111)
....... (1111 11111)

898 01181 (10, 10, 88)
899 1111118 (18, 8, 85)

 

