11111111
Orientis 1, 13,1. 5,14,84.

turonum
Consul 1 898

- cmv -

890 111121 (8, 17, 4) - Febr. 15 (9, 1, 17) -1111117
(12,1,121) - 11111. 21 (18,2,27) - 11115 (11,
16, 18) - Aug. 28 (16, 2, 28) - 811112 (12, 1,122
- 1111, 1) - 1111111111)

111 11111 11 (11, 1) - 1111111111, 11, 11) - 111. 11
(18, 9, 4) - 1111.28(12,1,128) - 8111117 (11,8,5)

892 111111. 13 (9,40,15) - 111111 15 (11115101) -
1111. 9 (1,29,8)-1)11.17 (16,8, 2 - 16, 8, 8) -
1111127 (2, 8, 21) - lun. 15 (18, 5, 21) -1111180
(12,1,127) - ’81)11 14 (11111 2, 12, 25) - . . . .
(11111111) ·

111 lul. 11 (11, 11)

....(1,11,11)

’886 1111. 20 (15, 5, 2)

892 11811111) - 81))110(9,28,1) - Nom
(2, 26, 5) - 111118 (18, 10, 12) - Nov. 22 (12,
1, 129) - 11117 (9, 7, 7)

898 Febr. 12 (7, 8,1 - 10,]9, 18) - Apr. 8 (18,11,4)
- 11111. 12 (11,7, 14 - 12,1,184) - Mai. 1
(9,42,11) - 111111 (11,25, 1) - 111114 (12, 1,
185) - 11111.12(9,42,12- 11, 1, 28) - 1111128
(12, 1, 198)-1111. 12 (9, 21, 10) - 111118 (5, 14, 82)
- 111128 (8, 5, 52 - 18, 8, 15) - 1u1. 80 (5, 14, 88
-7,1,20)-1113.9(9,4,1-12,1,187)- 811118
(13, 5, 22) - 81))1.21(15,7,11) - Sephfflffl, 12,5
-4,8,1-4,8,9-11,80,5211111)-1111211
(18,11,5) -11114 (9, 7, 8) - Dec„ 11 (185, 28)

894 111114 (2, 29, 2) - 111180 (1,18,1 - 8,4, 18 -
12,1, 189) - lun. 20 (16, 5, 23) - 11111.29(15,7,12)
- 11115 (15,1,81) - 11119 (18, 5, 24) - Nomi
(5, 14, 84)

895 1111.9(18,8,1) - 1111118 (18, 5, 25) - 1111181
(16, 5, 26) -11117 (16, 10, 18) - 011 11 (2, 9, 3)
- [1114 (1, 14, 2)

....... (11111 11,52, 1)

895 1111124 (18,5, 27) - 111180 (10,6, 1) - 111129
(12,1,150)

8961111118 (9,42, 14) - Febr. 14 (8, 26, 7) -
Febr. 27 (8,27,10) - 111111 28 (18, 7, 8) -
1111124 (15, 1,84) - 1111. 17 (7,4, 21) - 1111. 2112
(18,5,81 - 18,5,82) - 1))1. 25 (15,6, 1) -
11119 (8,17,1) - 1118114215) - 111112
(6, 8, 2) - 1111181 (9, 88, 9) -11117 (16, 10,14)
-···· (15,1,85)

897 Febr. 16 (9,26, 1) - 1111116 (11,8,1) -11118
(8, 20, 9) - 1111. 29 (6,2, 19) - 11111. 23 (6, 28, 10)
- 11111 (1118, 18) - 1111. 18 (8, 15, 8)

*898 111128 (18, 2, 82)

⁶400 Dec.8 (1,84,1)

*401 Febr. 8 (8, 5, 82)

’408 Iun. ll (11111 7, 41, 2)

....... (11111 11, 70, 4)

111 111111 (1111) - 11111 (1, 11, 1) - 111111
(11, 11, 1) - 1111111111)

 

