roswvuuuvs
iterum 11, 1,111

(1111611118

mrouvs

11111111
Orientis 6, 11, 12. 11,16, 19.

- CLXXIV -

- 1111111 (11111 - 1, 11, 1) - 01111 (11,
1,11) - [11111 (1,1,11

1111111111111) - 11111 (11.1,111

111 (11111)

(11111111)

989 Apr. 6 (9,42, 10 - 12,1,96) -· 1111. 20 (16, 1, 2)

- 1111129 (6, 221) - 11119 (1, 2, 1 - 12,1, 102)
- lul. 26 (16,6, 11) - 0119 (12, 6, 19)-11111
(12, l, 104) -· 011. 8 (16,6, 12)

961 11116 (16, 1,16 111111.)

(1111111666)

*961 Sept„ .. (111116,20,1)

664 111118 (12,16,6- 16,1,26)- 111121 (16, 6, 16)
- 111112 (6, 6, 44) - 111110 (1,1,12 - 6, 6, 46)
- 11116 (121106) - 1111.8(12,1,106) -
111361 (12, l, 101) - 8111122 (9, 1,6) - 0116
(10,19,11) - 1111116 (12,1,108)

086 811119 (16, l, 24) - 61119 (8,6, 46) - 111126
(12,1,’109) —· 1111160 (0, 1,16) - 111115 (16,
10, 9) - 1111111 (6, 6, 41) - 1111124 (16,1, 10) -·
11119 (lust. 1, 40, 6) - 111111 (9, 1, 4) - 1111 29
(11121)

986 111119 (9, 64, 9) - lan. 26 (11, 80, 41) - Febr. 24
(11111. 11,62,1) - 11111126 (6, 11, 1) - 111111. 26
(6,26,4 - 6, 26, 6) - 111111 4 (6, 6, 48) - Mart-5
(6,21,6) - 11111. 21 (16,11,2 -· 18,11‚8) -
1111409116) - 111.90(12,1,111) - 111116
(1111111401) - 11116 (9,44, 1) -11116 (lust.
1,40, 8)- 811119 (11,1,22) - 01126 (2,116,2-
6,14,30 - 6, 11, 2) - 011 21 (12, 6, 20) -
Νον. 24 (12,6,1)- 111128 (12, 6, 21) - 01161
(12, 1,116)

961 Mart. 10 (1119, 14) - 11111121 (12,), 116) -
11111. 91 (11,1,.111)- lul. 6(12, 1, 116) - 1111. 61
(182, 6)

666 11111110(16,6,14) - 11111 14 (6.1,2 = 9, 1, 6) -
‘Aug.9 (16,6,16) ·- . . .. (1, 92, 1)

*689 1111121 (6, 4,11) - Nov. 26 (12, 6, 26) - 111118

*699 11111011. (lust. 6, 6, 6)

.... (lust. 11,61,1 - 1111111664 - 11111.
11,64,1 - 11111 11,68, 6)

311 1111111111)- 1111111 (111111) - 001 10
(11, 111)
111 1111119 (1111)

’980 1111111 (11111 8, 66, 6)
888 lun. 16 (16, 4, 2) ·- 1111121 (12, 1,119) - 011. 18

&mamimus usque ad 1991 11111122 (10, 22, 2)
(tanqua 1381111101111 111111 1189 1111112 (1,6, 9) - 111128 (1,16,16 111111. -
111 Occidente, 1'11 01111111 1111111111 8,11,6 11111.) - 11116 (6, 4:16 - 16,6, 11) -

11111. 21 (9219111111.) - 811116 (9, 96, 6) -
1111. 26 (16,6, 19) - 1111. 11 (121120)

 

