- CLXXXIX -

1111111111 990 4199 (0, 14, 90)
990 911. 99 (99919)
9901401 (1111111194)
9901111111999114-994) ’

999 141194 (1,11,9-11,19,4) - 01191 (1999)
999 (99915)

999 Dee. 99 (99911)

400 911999 (1,10, 0).

401 Febr. 99 (9999)

111 111111 (9191)
...9111111919

40⁶ 911190 (9, 49, 19)
409 Im 99 (10, 90, 19)
407 lun. 11 (11, 19, 4)
4oe 119 w (19, 9 9))
449(419(11114,91,19)

419 911199 (9, 4, 94) - 11911019111911)

414 1111. 10 (1,9,11 - 11119191 - 11111109, -
10 mn)

(1111194910 m.)

419 Now (99910 non.)
414 1119 (1999, 9)

419 1191111911)
419 94114 (99999)

499 91199 (6, 91, 99)
499 1191991911)

111 1111919111)-1ιιι.11(191911) - 01. 11
(191911) - 19191111)

111 111111 (191911)

(1119191 - 1111191911)

119111 (1111111911)

111 9911991911) - 1111 (9911)-1911
<fam 19111)

499 lut 99 (199917)
499 m 9) (19 9, 99)
499 91119 (199919)

comme 1111111 1111111111. Π
91111111111111111111111111.10,1,8 9111191111 “¹¹¹³
vm· 1.11‚1.10‚8,m1mm 111- ‘dm
111 991 (19191)

111 111111 (19199
11111911(1,1,1(1(τ9-11.1611111)

 

