-cxcvnl-

mmm , · mmmm)

1111011111 ’ 996111.91(1,91,1)
’ 696 11111 (19,1,161)
991 111196 (m) - 01116 (4, 99, 6)
· 1111111111 ¹ 9991111. 99 (16,10,16)
nomm 101 Sept 10 (1,16, 16)

Γ,1111ΙΞ1111 mun 11111111619111) 996 6161.96(1,16,1)
111
mm 996 11114 (9, 9, 1)
cs. pmt urb. 11611111 ,
mm 11111 991 11111. 16 (6, 96, 4)

1111111111 6661111.61’(11,1,19)

11111111111 ‚ 910 111116 (6, 6, 61 - 11, 10, 9)
611 11116 (16, 9, 94 non.)

11111111 . Ι 91411111.6(19,1,10)

nomem! Ι
nux 966ἑ1ἳ111ᾗ169) (0011111111 9,1 [consularium - 911. 1

1111111111 Α ⁸80 1111 91 (99111)

omum
11111111 996 111111191111111- 1111.11(19,1,1011111.)-
011. 1 (16,19,1 (6116)) - 111195 (19, 1,19)
(1111911691)
roman
6111111111 Ρ. 1,18,1. 9, 6, 49.
19, 1, 94. 16, 6, 10

mm ’ 1111111 (11111)
1111111111111 ’ ’ ⁴ 969 111199 (6, 6, 49)
(comminianus 11, 1, 11 oon· 111 16111 (11111) - 1111.1(11,1,11).-111.1ο
1111111 1111) (11111) - 1111111111)

mum · 496 111199 (6,99,8)

emon mmmm
1166111111 999 111199 (11110, 16)

numum
mum 999 91119 (19, 1,194)

mu
1111111111 1111. 1111.
1,11. 1111. 11111 111,
111. 11111
mm 111 1111111111, 1)

1111111111 969 111111 (116199)
mum 969 Febr. 91 (9, 6, 8)

unm 964 111196 (1,6,91
111111.11(1ο,1·1) , - 1111) 11,-11 <uz 111)

num 961 1119111111 ·- 1, 11141
mu· ’ 111111111111

 

